5.383560479999318886e+02
5.390576093179295185e+02
5.397587007421311682e+02
5.404593830493057567e+02
5.411597163928814780e+02
5.418597584092516399e+02
5.425595627157456420e+02
5.432591799621301334e+02
5.439586604627455699e+02
5.446580560081905560e+02
5.453574193830078229e+02
5.460568020302237073e+02
5.467562521042495973e+02
5.474558130587289497e+02
5.481555244033113468e+02
5.488554236950708400e+02
5.495555474164106045e+02
5.502559296330722418e+02
5.509566017002589433e+02
5.516575938431072927e+02
5.523589344620772863e+02
5.530606491314006234e+02
5.537627612192414972e+02
5.544652925853295073e+02
5.551682645931664410e+02
5.558716980455047860e+02
5.565756129642021506e+02
5.572800275404842978e+02
5.579849547290444889e+02
5.586904009532440796e+02
5.593963675086176863e+02
5.601028527190252362e+02
5.608098547616519909e+02
5.615173731617256863e+02
5.622254072118657859e+02
5.629339546934520513e+02
5.636430130488591885e+02
5.643525788630447551e+02
5.650626465744200004e+02
5.657732088978011689e+02
5.664842577829550692e+02
5.671957854026636596e+02
5.679077840470843057e+02
5.686202457531213668e+02
5.693331617588835343e+02
5.700465219970718636e+02
5.707603161804632919e+02
5.714745345171976396e+02
5.721891668682412728e+02
5.729042018368662639e+02
5.736196267485443059e+02
5.743354281042326193e+02
5.750515920775071663e+02
5.757681040044301426e+02
5.764849486596577890e+02
5.772021118425147961e+02
5.779195797787585889e+02
5.786373376329556777e+02
5.793553696229420211e+02
5.800736602877228734e+02
5.807921974820039850e+02
5.815109728244189000e+02
5.822299779986964268e+02
5.829492034476675144e+02
5.836686393466117124e+02
5.843882753431072388e+02
5.851080987509427587e+02
5.858280930840098790e+02
5.865482389385399529e+02
5.872685148002810820e+02
5.879888986094215397e+02
5.887093712211107004e+02
5.894299165536116334e+02
5.901505190093396322e+02
5.908711628560834015e+02
5.915918331269562032e+02
5.923125143818493825e+02
5.930331911388698245e+02
5.937538504011922669e+02
5.944744792981886121e+02
5.951950617426435883e+02
5.959155825869100909e+02
5.966360286080873720e+02
5.973563853969852744e+02
5.980766377840175210e+02
5.987967706529244651e+02
5.995167709380698398e+02
6.002366265822597597e+02
6.009563248181177642e+02
6.016758527907422831e+02
6.023951966892157088e+02
6.031143431452496770e+02
6.038332809979066269e+02
6.045520007533700664e+02
6.052704936712782455e+02
6.059887495712306418e+02
6.067067552645859223e+02
6.074244955902890979e+02
6.081419562516277892e+02
6.088591241182990643e+02
6.095759878493944370e+02
6.102925372437110809e+02
6.110087599656843622e+02
6.117246428296746217e+02
6.124401744505704528e+02
6.131553450706489912e+02
6.138701457547587097e+02
6.145845657254775460e+02
6.152985914364662676e+02
6.160122066394638978e+02
6.167253920776829546e+02
6.174381290103825677e+02
6.181504010286707853e+02
6.188621946678680388e+02
6.195735025467737387e+02
6.202843272161713912e+02
6.209946846122709303e+02
6.217046047538659650e+02
6.224141290391013399e+02
6.231233040620215888e+02
6.238321750451547132e+02
6.245407824367588319e+02
6.252491618732119605e+02
6.259573471301167729e+02
6.266653693009429844e+02
6.273732568682764850e+02
6.280810386082832792e+02
6.287887427459505716e+02
6.294963953671066292e+02
6.302040199929379014e+02
6.309116393855681508e+02
6.316192788010636150e+02
6.323269649696663919e+02
6.330347232558967789e+02
6.337425762763980401e+02
6.344505456155553702e+02
6.351586565842995924e+02
6.358669368650064371e+02
6.365754127107145450e+02
6.372841079267159330e+02
6.379930417150370658e+02
6.387022262345313948e+02
6.394116681473415156e+02
6.401213710261388314e+02
6.408313361729627786e+02
6.415415635260897034e+02
6.422520517753126796e+02
6.429627978415114740e+02
6.436737977553864312e+02
6.443850474133903390e+02
